688
10175 8151
-1 100 7100 841 200
-1 100 6100 1708 200
-1 100 7500 3152 200
-1 7628 7100 523 200
-1 100 5500 2708 200
-1 100 6900 529 200
-1 2008 6100 58 200
-1 100 3100 498 200
-1 100 5700 2074 200
-1 4091 5500 295 200
-1 100 1100 2542 200
-1 100 4300 1193 200
-1 2663 3100 732 200
-1 100 3700 1093 200
-1 100 4500 425 200
-1 4738 4300 2470 200
-1 100 7300 1903 200
-1 100 7700 10075 451
-1 3452 7500 1979 200
-1 100 3500 818 200
-1 100 3900 943 200
-1 10035 3700 140 200
-1 7962 7500 2213 200
-1 2889 3700 335 200
-1 9518 4300 657 200
-1 100 4900 5792 200
-1 4808 4500 185 200
-1 100 5900 1719 200
-1 3448 5700 54 200
-1 100 500 2222 200
-1 100 2700 1143 200
-1 6540 1100 997 200
-1 100 4100 1255 200
-1 9991 3900 184 200
-1 6069 1100 271 200
-1 100 3300 1401 200
-1 4167 3500 2042 200
-1 9114 4100 28 200
-1 100 4700 2344 200
-1 100 5100 4739 200
-1 8276 4900 1899 200
-1 100 1900 901 200
-1 100 2900 1254 200
-1 10013 2700 162 200
-1 9967 3500 208 200
-1 100 6300 709 200
-1 9184 6900 991 200
-1 9910 3100 265 200
-1 100 6700 206 200
-1 3849 4500 66 200
-1 1358 3100 32 200
-1 3595 3100 372 200
-1 3853 3900 229 200
-1 100 5300 3966 200
-1 6643 5100 615 200
-1 5039 5100 301 200
-1 2974 5700 274 200
-1 100 6500 2018 200
-1 7516 6700 967 200
-1 4209 5700 327 200
-1 7604 3700 617 200
-1 100 1700 494 200
-1 100 2500 1722 200
-1 7796 1900 161 200
-1 2297 2700 71 200
-1 8412 4300 625 200
-1 100 2300 1402 200
-1 2622 2500 198 200
-1 100 2100 1204 200
-1 8184 2300 428 200
-1 4442 5900 3795 200
-1 2466 6100 544 200
-1 2102 2300 422 200
-1 5452 5700 1161 200
-1 5220 6700 597 200
-1 10029 2900 146 200
-1 1960 3300 1888 200
-1 100 300 1803 200
-1 100 700 1491 200
-1 2722 500 169 200
-1 2174 4100 1488 200
-1 5863 2900 1281 200
-1 9033 6100 1142 200
-1 8812 2300 233 200
-1 8438 4100 476 200
-1 100 1500 988 200
-1 2015 1700 270 200
-1 100 1300 4400 200
-1 4671 1500 269 200
-1 2983 2300 2635 200
-1 8446 1700 376 200
-1 1907 3900 213 200
-1 2271 4500 1153 200
-1 7815 2700 312 200
-1 5918 4700 301 200
-1 2644 4700 1062 200
-1 7408 4300 153 200
-1 725 4500 502 200
-1 3624 4500 25 200
-1 4480 1700 314 200
-1 2320 3900 1333 200
-1 6144 2700 1471 200
-1 4678 4700 186 200
-1 8675 2100 166 200
-1 6689 4100 927 200
-1 8403 1900 126 200
-1 7050 2500 899 200
-1 5656 4700 62 200
-1 4813 2100 623 200
-1 6092 4900 364 200
-1 5866 2700 78 200
-1 7157 3500 195 200
-1 6349 1700 219 200
-1 8437 5900 1738 200
-1 8314 2100 161 200
-1 6281 6100 2071 200
-1 5818 2300 1966 200
-1 3650 6300 3832 200
-1 9499 4500 5 200
-1 6819 2100 853 200
-1 6847 3300 315 200
-1 9806 2500 369 200
-1 4639 500 5536 200
-1 6419 4700 1182 200
-1 9011 5100 279 200
-1 829 6900 4553 200
-1 6017 6700 74 200
-1 4978 6500 1145 200
-1 3591 7300 299 200
-1 5193 4500 2275 200
-1 4994 1700 1155 200
-1 8683 6700 1492 200
-1 1790 3100 48 200
-1 1443 2700 454 200
-1 3528 3500 239 200
-1 3410 6100 2036 200
-1 9729 5500 446 200
-1 3020 2500 166 200
-1 1504 2100 319 200
-1 2023 2100 323 200
-1 6656 4900 1420 200
-1 6813 5700 385 200
-1 4995 7100 128 200
-1 8729 1900 1446 200
-1 6341 3100 660 200
-1 8153 4500 349 200
-1 3959 4300 579 200
-1 100 900 1733 200
-1 3512 700 890 200
-1 7668 4500 285 200
-1 9542 4100 633 200
-1 3007 2900 2656 200
-1 4762 1100 615 200
-1 3033 1500 1238 200
-1 3204 700 108 200
-1 4786 5500 296 200
-1 798 3100 360 200
-1 100 100 3140 200
-1 3331 300 302 200
-1 5406 1500 236 200
-1 4734 5300 1110 200
-1 6409 3500 184 200
-1 4125 1100 237 200
-1 6768 1700 37 200
-1 9022 1700 1153 200
-1 7552 3500 1623 200
-1 5582 6900 164 200
-1 7398 5700 315 200
-1 6689 6900 516 200
-1 3977 2700 1489 200
-1 1341 7100 1214 200
-1 7816 4100 222 200
-1 3702 5700 307 200
-1 1009 6300 557 200
-1 2546 2100 364 200
-1 1393 3700 259 200
-1 4605 1900 8 200
-1 7405 6900 1579 200
-1 7601 3100 1909 200
-1 2582 1500 251 200
-1 794 1700 1021 200
-1 5646 6100 435 200
-1 9041 2100 1134 200
-1 2842 1100 94 200
-1 2968 2700 152 200
-1 1913 1900 56 200
-1 8902 4500 397 200
-1 2508 300 114 200
-1 5842 1500 100 200
-1 2685 1700 311 200
-1 6612 700 3563 200
-1 3136 1100 208 200
-1 506 6700 2021 200
-1 2169 1900 355 200
-1 6792 1500 1244 200
-1 8752 6100 81 200
-1 4378 3700 2286 200
-1 2727 6700 2093 200
-1 3760 5900 482 200
-1 2724 2300 59 200
-1 2303 300 5 200
-1 7801 4700 771 200
-1 8421 3700 614 200
-1 5961 2100 658 200
-1 1966 6300 384 200
-1 7913 5700 987 200
-1 2431 3500 897 200
-1 3833 300 6342 200
-1 7452 5500 1877 200
-1 1493 4300 2266 200
-1 8351 7100 1824 200
-1 6793 3500 164 200
-1 4849 3100 822 200
-1 1846 3500 185 200
-1 8530 2500 287 200
-1 3291 500 222 200
-1 4353 4100 2136 200
-1 3440 100 6735 200
-1 8334 1100 1841 200
-1 3320 2700 457 200
-1 8072 2100 42 200
-1 6967 5500 285 200
-1 3386 2500 155 200
-1 6543 900 3632 200
-1 2869 900 2834 200
-1 4495 2500 2355 200
-1 2822 300 309 200
-1 6044 5300 4131 200
-1 1427 4500 444 200
-1 4451 4700 27 200
-1 9196 3900 297 200
-1 7737 1100 397 200
-1 1554 2900 1053 200
-1 8236 1500 1939 200
-1 7254 3700 150 200
-1 6346 1900 258 200
-1 1243 3900 264 200
-1 4115 4500 493 200
-1 7458 5100 1153 200
-1 1701 3300 59 200
-1 5946 6900 543 200
-1 7882 6300 2293 200
-1 4789 3300 1858 200
-1 3095 5900 465 200
-1 2203 7300 1188 200
-1 9217 2500 389 200
-1 7595 1300 2580 200
-1 7001 6700 115 200
-1 6807 7500 955 200
-1 3713 500 726 200
-1 5140 1500 66 200
-1 6864 3700 190 200
-1 5871 3100 270 200
-1 9237 4300 81 200
-1 8842 2700 971 200
-1 4266 5300 68 200
-1 8157 1900 46 200
-1 5323 7100 1500 200
-1 1555 4100 419 200
-1 5077 700 1335 200
-1 7761 4300 451 200
-1 3862 4100 291 200
-1 7023 7100 205 200
-1 5540 5100 26 200
-1 5636 2100 125 200
-1 4700 1300 2695 200
-1 5903 900 440 200
-1 4090 7300 6085 200
-1 2375 1500 7 200
-1 3544 1100 381 200
-1 4282 3900 67 200
-1 4549 3900 810 200
-1 2755 7100 75 200
-1 5966 5100 277 200
-1 3030 7100 1765 200
-1 4813 1900 1333 200
-1 2842 5900 53 200
-1 4602 700 275 200
-1 3110 2100 1103 200
-1 6142 1500 450 200
-1 3437 6500 1141 200
-1 6291 6700 510 200
-1 7362 3300 2813 200
-1 1791 700 613 200
-1 2270 3100 193 200
-1 9490 5100 685 200
-1 6739 6500 3436 200
-1 5631 7500 976 200
-1 9771 2300 404 200
-1 7344 2900 2485 200
-1 6804 1900 792 200
-1 3424 3700 354 200
-1 2318 6500 919 200
-1 5282 5500 1485 200
-1 3008 5500 883 200
-1 2019 5900 423 200
-1 8149 2500 181 200
-1 2724 1900 1481 200
-1 4736 5700 2 200
-1 3196 1700 884 200
-1 2083 1500 92 200
-1 5064 4700 392 200
-1 8772 4700 1403 200
-1 9375 3500 392 200
-1 8327 2700 315 200
-1 9245 2300 326 200
-1 1852 3700 837 200
-1 7418 1700 78 200
-1 2550 6300 500 200
-1 2038 3100 32 200
-1 9704 4500 471 200
-1 7005 1700 213 200
-1 9100 5700 1075 200
-1 3906 4700 345 200
-1 5559 3900 3437 200
-1 6323 6500 216 200
-1 9693 3900 98 200
-1 1118 3500 128 200
-1 1288 1500 595 200
-1 3741 2500 554 200
-1 4167 3100 482 200
-1 4938 5700 114 200
-1 4048 3300 541 200
-1 7696 1700 102 200
-1 2033 900 636 200
-1 1201 1900 512 200
-1 5577 1100 92 200
-1 7998 1700 248 200
1 1088 1500 200 200
1 1001 1900 200 200
1 809 6300 200 200
1 2118 6500 200 200
1 1883 1500 200 200
1 1591 700 200 200
1 1833 900 200 200
1 306 6700 200 200
1 629 6900 200 200
1 7316 6700 200 200
1 7116 6700 200 200
1 3450 6300 200 200
1 8352 6100 200 200
1 6443 5100 200 200
1 8552 6100 200 200
1 8900 5700 200 200
1 7872 2100 200 200
1 7144 2900 200 200
1 5869 1100 200 200
1 4877 700 200 200
1 4402 700 200 200
1 4562 1100 200 200
1 3395 3100 200 200
1 3925 1100 200 200
1 1566 6300 200 200
1 2231 3500 200 200
1 3848 3300 200 200
1 2071 4500 200 200
1 2527 6700 200 200
1 7205 6900 200 200
1 5382 6900 200 200
1 6091 6700 200 200
1 6801 6700 200 200
1 7601 4700 200 200
1 9329 5500 200 200
1 7713 5700 200 200
1 7001 3100 200 200
1 6568 1700 200 200
1 5206 1500 200 200
1 598 3100 200 200
1 7198 5700 200 200
1 3120 2700 200 200
1 2833 1500 200 200
1 4178 3700 200 200
1 4349 3900 200 200
1 4153 4100 200 200
1 3224 3700 200 200
1 4295 2500 200 200
1 2807 2900 200 200
1 4940 1500 200 200
1 7468 4500 200 200
1 7953 4500 200 200
1 1823 2100 200 200
1 1304 2100 200 200
1 9529 5500 200 200
1 2485 1700 200 200
1 3328 3500 200 200
1 1243 2700 200 200
1 1590 3100 200 200
1 2442 5900 200 200
1 4993 4500 200 200
1 4778 6500 200 200
1 5817 6700 200 200
1 6823 7100 200 200
1 7682 6300 200 200
1 8841 2100 200 200
1 7401 3100 200 200
1 7537 1100 200 200
1 6412 700 200 200
1 5642 1500 200 200
1 4213 2100 200 200
1 2642 1100 200 200
1 594 1700 200 200
1 1446 3500 200 200
1 5892 4900 200 200
1 7482 6300 200 200
1 8076 4900 200 200
1 8529 1900 200 200
1 6850 2500 200 200
1 8134 1100 200 200
1 4613 1900 200 200
1 5340 5100 200 200
1 2830 7100 200 200
1 6489 4100 200 200
1 4082 3900 200 200
1 4080 1700 200 200
1 3978 3700 200 200
1 3967 3500 200 200
1 4471 1500 200 200
1 6767 5500 200 200
1 6539 6500 200 200
1 3767 3500 200 200
1 525 4500 200 200
1 6123 6500 200 200
1 3778 3700 200 200
1 6664 3700 200 200
1 4608 4500 200 200
1 2404 700 200 200
1 2322 500 200 200
1 2103 300 200 200
1 2522 500 200 200
1 2604 700 200 200
1 1903 300 200 200
1 3312 700 200 200
1 3004 700 200 200
1 2891 500 200 200
1 3240 100 200 200
1 2308 300 200 200
1 3633 300 200 200
1 2804 700 200 200
1 3131 300 200 200
1 3091 500 200 200
1 2669 900 200 200
1 2622 300 200 200
1 3513 500 200 200
1 2285 1700 200 200
1 2422 2500 200 200
1 2382 1500 200 200
1 1969 1900 200 200
1 2524 2300 200 200
1 2607 2900 200 200
1 1838 3100 200 200
1 1652 3700 200 200
1 1043 3900 200 200
1 1293 4300 200 200
1 1766 6300 200 200
1 3210 6100 200 200
1 5446 6100 200 200
1 5252 5700 200 200
1 6081 6100 200 200
1 8038 4100 200 200
1 8502 4500 200 200
1 7672 2100 200 200
1 5377 1100 200 200
1 4405 1900 200 200
1 2175 1500 200 200
1 2568 2700 200 200
1 2368 2700 200 200
1 1193 3700 200 200
1 1227 4500 200 200
1 3237 6500 200 200
1 4242 5900 200 200
1 5566 5100 200 200
1 5052 5700 200 200
1 8212 4300 200 200
1 8572 4700 200 200
1 8822 1700 200 200
1 7496 1700 200 200
1 918 3500 200 200
1 1707 3900 200 200
1 7616 4100 200 200
1 6805 1700 200 200
1 2350 6300 200 200
1 9290 5100 200 200
1 7218 1700 200 200
1 4578 6500 200 200
1 8702 4500 200 200
1 9045 2300 200 200
1 7395 1300 200 200
1 5703 900 200 200
1 2524 1900 200 200
1 2996 1700 200 200
1 2463 3100 200 200
1 2031 3500 200 200
1 2808 5500 200 200
1 9035 3700 200 200
1 7162 3300 200 200
1 8811 5100 200 200
1 3541 2500 200 200
1 4439 500 200 200
1 9606 2500 200 200
1 9571 2300 200 200
1 5671 3100 200 200
1 5663 2900 200 200
1 2574 5700 200 200
1 7054 3700 200 200
1 5618 2300 200 200
1 3344 1100 200 200
1 3706 4700 200 200
1 8221 3700 200 200
1 2022 2500 200 200
1 6209 3500 200 200
1 5761 2100 200 200
1 8237 5900 200 200
1 6149 1700 200 200
1 3186 2500 200 200
1 4413 2100 200 200
1 1808 6100 200 200
1 8330 2500 200 200
1 3759 4300 200 200
1 6957 3500 200 200
1 7561 4300 200 200
1 5666 2700 200 200
1 1646 3500 200 200
1 6146 1900 200 200
1 5466 2700 200 200
1 5436 2100 200 200
1 6592 1500 200 200
1 4864 4700 200 200
1 4613 2100 200 200
1 8203 1900 200 200
1 8642 2700 200 200
1 8475 2100 200 200
1 5944 2700 200 200
1 3424 4500 200 200
1 2444 4700 200 200
1 3777 2700 200 200
1 5718 4700 200 200
1 7615 2700 200 200
1 1871 4500 200 200
1 1507 3900 200 200
1 2783 2300 200 200
1 4271 1500 200 200
1 1815 1700 200 200
1 8238 4100 200 200
1 4839 5100 200 200
1 8612 2300 200 200
1 2070 3100 200 200
1 2936 1100 200 200
1 4205 1900 200 200
1 8611 5100 200 200
1 2910 2100 200 200
1 7208 4300 200 200
1 8833 6100 200 200
1 5456 4700 200 200
1 4362 1100 200 200
1 2820 2500 200 200
1 4794 1700 200 200
1 1760 3300 200 200
1 6456 4900 200 200
1 1822 2500 200 200
1 1354 2900 200 200
1 2097 2700 200 200
1 1246 3500 200 200
1 1702 2300 200 200
1 4334 5300 200 200
1 1501 3300 200 200
1 4649 3100 200 200
1 4589 3300 200 200
1 1390 3100 200 200
1 7352 3500 200 200
1 8114 2100 200 200
1 1713 1900 200 200
1 7957 1900 200 200
1 2346 2100 200 200
1 2266 6100 200 200
1 7984 2300 200 200
1 7784 2300 200 200
1 1502 2300 200 200
1 2222 2500 200 200
1 2374 5700 200 200
1 8246 1700 200 200
1 7949 2500 200 200
1 2174 5700 200 200
1 1819 5900 200 200
1 4386 5500 200 200
1 1902 2300 200 200
1 1897 2700 200 200
1 6619 2100 200 200
1 6604 1900 200 200
1 7596 1900 200 200
1 7798 1700 200 200
1 2689 3700 200 200
1 2066 6100 200 200
1 7404 3700 200 200
1 2774 5700 200 200
1 3653 3900 200 200
1 1158 3100 200 200
1 3050 6300 200 200
1 9510 3100 200 200
1 2768 2700 200 200
1 9504 4500 200 200
1 9142 4100 200 200
1 2895 5900 200 200
1 9767 3500 200 200
1 9635 3700 200 200
1 9175 3500 200 200
1 8996 3900 200 200
1 9342 4100 200 200
1 9710 3100 200 200
1 9813 2700 200 200
1 8914 4100 200 200
1 2120 3900 200 200
1 9791 3900 200 200
1 5669 1100 200 200
1 6340 1100 200 200
1 3248 5700 200 200
1 6243 5100 200 200
1 3560 5900 200 200
1 3502 5700 200 200
1 6219 4700 200 200
1 9493 3900 200 200
1 9435 3700 200 200
1 9235 3700 200 200
1 9037 4300 200 200
1 2642 5900 200 200
1 9829 2900 200 200
1 9299 4500 200 200
1 1974 4100 200 200
1 9318 4300 200 200
1 9835 3700 200 200
1 6343 900 200 200
1 3010 6100 200 200
1 3250 6300 200 200
1 4280 1700 200 200
1 5766 5100 200 200
1 8151 7100 200 200
1 6613 5700 200 200
1 4795 7100 200 200
1 5431 7500 200 200
1 6141 3100 200 200
1 4251 4700 200 200
1 4586 5500 200 200
1 5942 1500 200 200
1 8127 2700 200 200
1 3252 7500 200 200
1 6489 6900 200 200
1 5844 5300 200 200
1 4538 4300 200 200
1 7201 3100 200 200
1 4536 5700 200 200
1 3891 5500 200 200
1 5082 5500 200 200
1 4738 5700 200 200
1 8817 2500 200 200
1 7762 7500 200 200
1 4009 5700 200 200
1 8483 6700 200 200
1 5020 6700 200 200
1 3915 4500 200 200
1 6593 3500 200 200
1 7228 7100 200 200
1 4820 6700 200 200
1 5746 6900 200 200
1 5359 3900 200 200
1 2003 7300 200 200
1 4066 5300 200 200
1 3662 4100 200 200
1 1141 7100 200 200
1 3649 4500 200 200
1 2555 7100 200 200
1 8984 6900 200 200
1 3391 7300 200 200
1 4500 1300 200 200
1 3967 3100 200 200
1 9017 2500 200 200
1 4534 5300 200 200
1 4478 4700 200 200
1 941 7100 200 200
1 1355 4100 200 200
1 5123 7100 200 200
1 7428 7100 200 200
1 8036 1500 200 200
1 6647 3300 200 200
1 6607 7500 200 200
1 7252 5500 200 200
1 7258 5100 200 200
1 3890 7300 200 200
1 0 0 10175 100
1 0 100 100 8051
